SINGLE TISSUE, FREQUENCY RANGE
TISSUE: Fat

       Tissue         Frequency    Conductivity    Relative   
        name             [Hz]         [S/m]      permittivity 
--------------------------------------------------------------
Fat                    5.0000e+8     4.2793e-2     5.5444e+0  
Fat                    5.6716e+8     4.4000e-2     5.5260e+0  
Fat                    6.3433e+8     4.5278e-2     5.5102e+0  
Fat                    7.0149e+8     4.6629e-2     5.4963e+0  
Fat                    7.6866e+8     4.8052e-2     5.4837e+0  
Fat                    8.3582e+8     4.9547e-2     5.4722e+0  
Fat                    9.0299e+8     5.1114e-2     5.4615e+0  
Fat                    9.7015e+8     5.2752e-2     5.4514e+0  
Fat                    1.0373e+9     5.4459e-2     5.4417e+0  
Fat                    1.1045e+9     5.6235e-2     5.4325e+0  
Fat                    1.1716e+9     5.8079e-2     5.4236e+0  
Fat                    1.2388e+9     5.9990e-2     5.4150e+0  
Fat                    1.3060e+9     6.1965e-2     5.4066e+0  
Fat                    1.3731e+9     6.4005e-2     5.3984e+0  
Fat                    1.4403e+9     6.6107e-2     5.3904e+0  
Fat                    1.5075e+9     6.8272e-2     5.3825e+0  
Fat                    1.5746e+9     7.0496e-2     5.3747e+0  
Fat                    1.6418e+9     7.2780e-2     5.3671e+0  
Fat                    1.7090e+9     7.5122e-2     5.3595e+0  
Fat                    1.7761e+9     7.7522e-2     5.3520e+0  
Fat                    1.8433e+9     7.9977e-2     5.3446e+0  
Fat                    1.9104e+9     8.2487e-2     5.3373e+0  
Fat                    1.9776e+9     8.5051e-2     5.3300e+0  
Fat                    2.0448e+9     8.7668e-2     5.3228e+0  
Fat                    2.1119e+9     9.0337e-2     5.3156e+0  
Fat                    2.1791e+9     9.3056e-2     5.3085e+0  
Fat                    2.2463e+9     9.5825e-2     5.3014e+0  
Fat                    2.3134e+9     9.8643e-2     5.2943e+0  
Fat                    2.3806e+9     1.0151e-1     5.2873e+0  
Fat                    2.4478e+9     1.0442e-1     5.2803e+0  
Fat                    2.5149e+9     1.0738e-1     5.2734e+0  
Fat                    2.5821e+9     1.1039e-1     5.2665e+0  
Fat                    2.6493e+9     1.1343e-1     5.2596e+0  
Fat                    2.7164e+9     1.1653e-1     5.2527e+0  
Fat                    2.7836e+9     1.1966e-1     5.2458e+0  
Fat                    2.8507e+9     1.2284e-1     5.2390e+0  
Fat                    2.9179e+9     1.2605e-1     5.2322e+0  
Fat                    2.9851e+9     1.2931e-1     5.2254e+0  
Fat                    3.0522e+9     1.3261e-1     5.2186e+0  
Fat                    3.1194e+9     1.3594e-1     5.2119e+0  
Fat                    3.1866e+9     1.3931e-1     5.2051e+0  
Fat                    3.2537e+9     1.4272e-1     5.1984e+0  
Fat                    3.3209e+9     1.4617e-1     5.1917e+0  
Fat                    3.3881e+9     1.4965e-1     5.1850e+0  
Fat                    3.4552e+9     1.5317e-1     5.1784e+0  
Fat                    3.5224e+9     1.5672e-1     5.1717e+0  
Fat                    3.5896e+9     1.6030e-1     5.1651e+0  
Fat                    3.6567e+9     1.6392e-1     5.1585e+0  
Fat                    3.7239e+9     1.6757e-1     5.1519e+0  
Fat                    3.7910e+9     1.7125e-1     5.1453e+0  
Fat                    3.8582e+9     1.7496e-1     5.1387e+0  
Fat                    3.9254e+9     1.7871e-1     5.1321e+0  
Fat                    3.9925e+9     1.8248e-1     5.1256e+0  
Fat                    4.0597e+9     1.8628e-1     5.1191e+0  
Fat                    4.1269e+9     1.9011e-1     5.1125e+0  
Fat                    4.1940e+9     1.9397e-1     5.1060e+0  
Fat                    4.2612e+9     1.9785e-1     5.0996e+0  
Fat                    4.3284e+9     2.0176e-1     5.0931e+0  
Fat                    4.3955e+9     2.0570e-1     5.0866e+0  
Fat                    4.4627e+9     2.0966e-1     5.0802e+0  
Fat                    4.5299e+9     2.1365e-1     5.0738e+0  
Fat                    4.5970e+9     2.1766e-1     5.0673e+0  
Fat                    4.6642e+9     2.2170e-1     5.0609e+0  
Fat                    4.7313e+9     2.2576e-1     5.0545e+0  
Fat                    4.7985e+9     2.2984e-1     5.0482e+0  
Fat                    4.8657e+9     2.3395e-1     5.0418e+0  
Fat                    4.9328e+9     2.3807e-1     5.0355e+0  
Fat                    5.0000e+9     2.4222e-1     5.0291e+0  
Fat                    5.0672e+9     2.4639e-1     5.0228e+0  
Fat                    5.1343e+9     2.5058e-1     5.0165e+0  
Fat                    5.2015e+9     2.5479e-1     5.0102e+0  
Fat                    5.2687e+9     2.5902e-1     5.0040e+0  
Fat                    5.3358e+9     2.6327e-1     4.9977e+0  
Fat                    5.4030e+9     2.6754e-1     4.9915e+0  
Fat                    5.4701e+9     2.7183e-1     4.9853e+0  
Fat                    5.5373e+9     2.7613e-1     4.9790e+0  
Fat                    5.6045e+9     2.8045e-1     4.9728e+0  
Fat                    5.6716e+9     2.8479e-1     4.9667e+0  
Fat                    5.7388e+9     2.8914e-1     4.9605e+0  
Fat                    5.8060e+9     2.9352e-1     4.9544e+0  
Fat                    5.8731e+9     2.9790e-1     4.9482e+0  
Fat                    5.9403e+9     3.0231e-1     4.9421e+0  
Fat                    6.0075e+9     3.0672e-1     4.9360e+0  
Fat                    6.0746e+9     3.1116e-1     4.9299e+0  
Fat                    6.1418e+9     3.1560e-1     4.9238e+0  
Fat                    6.2090e+9     3.2006e-1     4.9178e+0  
Fat                    6.2761e+9     3.2454e-1     4.9117e+0  
Fat                    6.3433e+9     3.2903e-1     4.9057e+0  
Fat                    6.4104e+9     3.3353e-1     4.8997e+0  
Fat                    6.4776e+9     3.3804e-1     4.8937e+0  
Fat                    6.5448e+9     3.4256e-1     4.8877e+0  
Fat                    6.6119e+9     3.4710e-1     4.8818e+0  
Fat                    6.6791e+9     3.5165e-1     4.8758e+0  
Fat                    6.7463e+9     3.5621e-1     4.8699e+0  
Fat                    6.8134e+9     3.6078e-1     4.8640e+0  
Fat                    6.8806e+9     3.6536e-1     4.8581e+0  
Fat                    6.9478e+9     3.6995e-1     4.8522e+0  
Fat                    7.0149e+9     3.7456e-1     4.8463e+0  
Fat                    7.0821e+9     3.7917e-1     4.8405e+0  
Fat                    7.1493e+9     3.8379e-1     4.8346e+0  
Fat                    7.2164e+9     3.8842e-1     4.8288e+0  
Fat                    7.2836e+9     3.9306e-1     4.8230e+0  
Fat                    7.3507e+9     3.9770e-1     4.8172e+0  
Fat                    7.4179e+9     4.0236e-1     4.8115e+0  
Fat                    7.4851e+9     4.0702e-1     4.8057e+0  
Fat                    7.5522e+9     4.1169e-1     4.8000e+0  
Fat                    7.6194e+9     4.1637e-1     4.7943e+0  
Fat                    7.6866e+9     4.2106e-1     4.7886e+0  
Fat                    7.7537e+9     4.2575e-1     4.7829e+0  
Fat                    7.8209e+9     4.3045e-1     4.7772e+0  
Fat                    7.8881e+9     4.3516e-1     4.7716e+0  
Fat                    7.9552e+9     4.3987e-1     4.7659e+0  
Fat                    8.0224e+9     4.4459e-1     4.7603e+0  
Fat                    8.0896e+9     4.4931e-1     4.7547e+0  
Fat                    8.1567e+9     4.5404e-1     4.7491e+0  
Fat                    8.2239e+9     4.5878e-1     4.7435e+0  
Fat                    8.2910e+9     4.6352e-1     4.7380e+0  
Fat                    8.3582e+9     4.6826e-1     4.7324e+0  
Fat                    8.4254e+9     4.7301e-1     4.7269e+0  
Fat                    8.4925e+9     4.7776e-1     4.7214e+0  
Fat                    8.5597e+9     4.8252e-1     4.7159e+0  
Fat                    8.6269e+9     4.8728e-1     4.7105e+0  
Fat                    8.6940e+9     4.9205e-1     4.7050e+0  
Fat                    8.7612e+9     4.9682e-1     4.6996e+0  
Fat                    8.8284e+9     5.0159e-1     4.6942e+0  
Fat                    8.8955e+9     5.0637e-1     4.6888e+0  
Fat                    8.9627e+9     5.1115e-1     4.6834e+0  
Fat                    9.0299e+9     5.1593e-1     4.6780e+0  
Fat                    9.0970e+9     5.2071e-1     4.6726e+0  
Fat                    9.1642e+9     5.2550e-1     4.6673e+0  
Fat                    9.2313e+9     5.3029e-1     4.6620e+0  
Fat                    9.2985e+9     5.3508e-1     4.6567e+0  
Fat                    9.3657e+9     5.3988e-1     4.6514e+0  
Fat                    9.4328e+9     5.4467e-1     4.6461e+0  
Fat                    9.5000e+9     5.4947e-1     4.6409e+0  
Fat                    9.5672e+9     5.5427e-1     4.6356e+0  
Fat                    9.6343e+9     5.5907e-1     4.6304e+0  
Fat                    9.7015e+9     5.6387e-1     4.6252e+0  
Fat                    9.7687e+9     5.6867e-1     4.6200e+0  
Fat                    9.8358e+9     5.7347e-1     4.6149e+0  
Fat                    9.9030e+9     5.7827e-1     4.6097e+0  
Fat                    9.9701e+9     5.8308e-1     4.6046e+0  
Fat                   1.0037e+10     5.8788e-1     4.5994e+0  
Fat                   1.0104e+10     5.9268e-1     4.5943e+0  
Fat                   1.0172e+10     5.9749e-1     4.5892e+0  
Fat                   1.0239e+10     6.0229e-1     4.5842e+0  
Fat                   1.0306e+10     6.0710e-1     4.5791e+0  
Fat                   1.0373e+10     6.1190e-1     4.5741e+0  
Fat                   1.0440e+10     6.1670e-1     4.5691e+0  
Fat                   1.0507e+10     6.2151e-1     4.5641e+0  
Fat                   1.0575e+10     6.2631e-1     4.5591e+0  
Fat                   1.0642e+10     6.3111e-1     4.5541e+0  
Fat                   1.0709e+10     6.3591e-1     4.5491e+0  
Fat                   1.0776e+10     6.4071e-1     4.5442e+0  
Fat                   1.0843e+10     6.4550e-1     4.5393e+0  
Fat                   1.0910e+10     6.5030e-1     4.5344e+0  
Fat                   1.0978e+10     6.5510e-1     4.5295e+0  
Fat                   1.1045e+10     6.5989e-1     4.5246e+0  
Fat                   1.1112e+10     6.6468e-1     4.5197e+0  
Fat                   1.1179e+10     6.6947e-1     4.5149e+0  
Fat                   1.1246e+10     6.7426e-1     4.5101e+0  
Fat                   1.1313e+10     6.7904e-1     4.5052e+0  
Fat                   1.1381e+10     6.8383e-1     4.5005e+0  
Fat                   1.1448e+10     6.8861e-1     4.4957e+0  
Fat                   1.1515e+10     6.9339e-1     4.4909e+0  
Fat                   1.1582e+10     6.9817e-1     4.4862e+0  
Fat                   1.1649e+10     7.0294e-1     4.4814e+0  
Fat                   1.1716e+10     7.0771e-1     4.4767e+0  
Fat                   1.1784e+10     7.1248e-1     4.4720e+0  
Fat                   1.1851e+10     7.1725e-1     4.4673e+0  
Fat                   1.1918e+10     7.2201e-1     4.4627e+0  
Fat                   1.1985e+10     7.2677e-1     4.4580e+0  
Fat                   1.2052e+10     7.3153e-1     4.4534e+0  
Fat                   1.2119e+10     7.3628e-1     4.4487e+0  
Fat                   1.2187e+10     7.4103e-1     4.4441e+0  
Fat                   1.2254e+10     7.4578e-1     4.4396e+0  
Fat                   1.2321e+10     7.5053e-1     4.4350e+0  
Fat                   1.2388e+10     7.5527e-1     4.4304e+0  
Fat                   1.2455e+10     7.6001e-1     4.4259e+0  
Fat                   1.2522e+10     7.6474e-1     4.4213e+0  
Fat                   1.2590e+10     7.6947e-1     4.4168e+0  
Fat                   1.2657e+10     7.7420e-1     4.4123e+0  
Fat                   1.2724e+10     7.7892e-1     4.4078e+0  
Fat                   1.2791e+10     7.8364e-1     4.4034e+0  
Fat                   1.2858e+10     7.8835e-1     4.3989e+0  
Fat                   1.2925e+10     7.9306e-1     4.3945e+0  
Fat                   1.2993e+10     7.9777e-1     4.3901e+0  
Fat                   1.3060e+10     8.0247e-1     4.3857e+0  
Fat                   1.3127e+10     8.0717e-1     4.3813e+0  
Fat                   1.3194e+10     8.1186e-1     4.3769e+0  
Fat                   1.3261e+10     8.1655e-1     4.3725e+0  
Fat                   1.3328e+10     8.2124e-1     4.3682e+0  
Fat                   1.3396e+10     8.2592e-1     4.3639e+0  
Fat                   1.3463e+10     8.3059e-1     4.3595e+0  
Fat                   1.3530e+10     8.3526e-1     4.3552e+0  
Fat                   1.3597e+10     8.3993e-1     4.3509e+0  
Fat                   1.3664e+10     8.4459e-1     4.3467e+0  
Fat                   1.3731e+10     8.4925e-1     4.3424e+0  
Fat                   1.3799e+10     8.5390e-1     4.3382e+0  
Fat                   1.3866e+10     8.5855e-1     4.3339e+0  
Fat                   1.3933e+10     8.6319e-1     4.3297e+0  
Fat                   1.4000e+10     8.6783e-1     4.3255e+0  
